3735953 2606490 3123904 2577545 2517803 3679342 4215457 3363168 3701077 2653694 2861863 2648825 2782956 3508794 2541441 2953432 2301256 4300143 4265118 3415685 2467816 2130745 1651655 2892625 2634558 3382281 2070551 2884010 3086835 3439673 2950406 3035350 
4329163 4083999 4331796 2338793 3926722 5003509 3966683 4669226 4730929 3512057 3829069 3819326 4081331 3302305 4003575 4747473 3633822 3935608 4740727 5004651 3286212 3014158 2863550 2645045 3476622 3607354 2868545 4187305 4165719 4118347 5064235 4340337 
4393581 3940999 3623208 2919178 3611623 5433763 5157500 4374883 4241454 4198568 4212906 3992284 4288759 4481004 3940370 4265844 4171018 5192907 4942683 4399292 3452652 2846149 3510148 3490400 4062363 4111784 2421380 3977911 4051683 4567781 5126018 4754659 
4278646 3990293 4408819 2960571 3728707 5543109 4676669 4940904 4912998 3679207 4495399 3850253 4621158 4296705 4059399 4269595 4140705 4462731 5059221 5790127 3530986 3040135 3301780 3477284 3822486 4315621 2931461 4415161 5028201 5623123 5367032 4714169 
4878566 3789732 4105070 3187086 3721830 5534767 5442546 4564477 4717193 3820473 4457850 4002018 4112114 4668431 3855046 4196856 3935016 5423920 5459090 4821371 3688865 2915793 2876598 3831363 3808804 4484607 2787725 4017358 4335023 4875129 4726258 4563378 
3776401 3872749 4300383 3302657 3365557 5280233 5374864 4818647 4343833 4056010 4631099 3637118 4155078 4613136 3861831 4771373 4025105 5016125 5031350 4947502 3328190 2637231 3186759 4179683 4391574 4268535 2250056 4653535 4162580 5025215 4750152 4440448 
3331485 3354852 3786353 2806171 2663052 3600548 3630087 4016992 3561233 3229446 2952525 3008404 4061132 3976690 2815019 3098636 3219540 3742201 3692774 4088989 2960708 2863779 3016445 2580429 3512957 3253679 2339698 3084189 3979896 4463039 4464751 3924624 
4035522 3911773 4763095 3025970 4350775 5056458 4439230 4637337 4363709 3144808 3893784 4183878 3801572 4554361 3404160 4771126 3795409 5095969 5354157 5294521 3181195 2854319 3532286 3215037 3954401 4230386 3067451 4508483 4076426 4613025 4669886 4630580 
3238563 2521107 2619941 1940621 2864446 3161466 3066414 2694747 2895151 2194540 2612375 3112168 2909371 2631116 2075809 3421833 3200148 3754395 3889759 3604634 2120658 2303490 2166228 2551333 2457455 2665602 2237508 2378262 2948735 2934925 3362711 2501723 
4787851 3599771 3773238 2655403 3443393 5022357 5389272 4283176 4797819 3722812 3666024 3639129 3858375 4058252 4019879 3904005 3420453 4930432 5316259 5039712 3320492 3086340 2587671 3634153 2952661 4296480 2550277 4226124 4162129 4470400 4415536 4033714 
4806570 4547252 5620071 3464232 4815452 5819320 5120373 4600937 5158392 3934394 4830372 4740432 4627670 4532392 4107688 5974265 4511331 5762180 6157852 5951527 3754813 3581260 3728635 3801088 4359185 4421229 3568487 5122398 4905303 5048461 5463429 4669773 
4530749 5098011 5572235 3739983 5170252 6638494 5904236 4941594 5156223 4440180 5357268 5547053 5200863 5175337 4579864 6010929 5408872 5763073 5974216 5806645 4137165 3333021 4678249 4485776 5233477 4532425 3445753 5609397 4741187 5458534 5960278 5496250 
4849105 4828432 5607624 3413054 5285053 6543204 5990030 5048674 5162375 4233927 5362991 5651962 4935403 5006128 4613433 6145004 5509642 5834544 6228605 6431424 4220074 3544080 4877422 4617995 4916270 4931586 3340163 5788995 5046895 5598562 6007287 5129359 
3283828 2795084 3365204 2441354 3316506 3982565 3535128 2836628 2993526 2332782 3927618 3183181 2660476 3866276 3353394 3947137 3187951 4206715 3752402 3371990 3230933 2197388 3090131 2472981 3388217 3219396 1777803 3707036 3405276 3350587 3700738 3443905 
4280438 3708762 4385922 3119749 4271134 5829915 5034911 4102569 4390892 3640095 3786269 4213135 3811511 4677112 3614694 4361325 3540145 5474984 5422261 4568175 2989964 2409502 3166564 2920980 3824014 4035861 3002546 4390030 3575980 4122808 4692225 4583580 
3884766 3340254 4186815 2975391 3474386 4554858 4635508 3695175 3812107 3280662 3799504 3625247 3410727 4221326 3303799 4245457 3347868 4882722 4640892 4019618 3200556 2579793 3069788 3151028 3750647 3723930 2303695 3990584 3614495 3910981 4116271 3776597 
183922 7626560 1068008 791552
