27526121 25982443 28124374 26661018 31858691 24790830 29314755 29324475 31435226 28160258 27702742 26625853 30700164 25890375 25668476 29167147 28957082 32521999 26311883 27670517 27578259 26730124 28689253 26480172 25382493 28608166 27068740 29124299 24353035 25690482 29820485 28984070 
30141643 31863516 33176052 29927313 33923726 26044054 31555879 31390581 33379872 32515719 31075085 28894790 33180947 27740793 31442542 30761190 32236234 36839243 28601788 29978508 34257971 33599798 34899327 28192062 28074953 31561826 32427459 31752320 29800562 32608016 34602713 32732473 
29048964 30264062 34012546 29949653 33254694 27109103 31697410 31299811 35274024 32899652 31786596 29046176 33652925 27500599 31048170 33536717 31339659 35981034 30599628 30478500 33944141 34414777 34080522 28758729 29244019 32275473 32530267 30873921 31312920 29521015 32659517 33891290 
29557346 32141718 29965379 29791245 32201879 25575725 32414611 31652569 35217266 30019301 32212035 28799360 32834967 28890905 28992609 32113199 31484291 36003329 29397452 31491967 31201477 32394940 33244992 28359302 27797138 32210932 31107543 30675833 29575534 30854520 32082206 32978636 
32041582 31781689 34210388 30975864 34688277 29058213 33207771 33174345 35548462 34254287 33526366 33575750 35914869 30056540 32053552 33364741 33031022 37773574 31777461 32682387 33959861 33628669 32953228 30849132 31121758 34575881 31722625 31738579 32379524 31069144 33923217 34497535 
31336110 31626869 34612153 29665374 34828877 29012526 32381048 34127388 34052839 32164250 32068349 31045877 36147932 27773504 32704929 33684405 31475656 35505682 31173587 31888311 33704608 33239985 33874611 30443261 29600068 32954884 32426671 31427290 31130484 32531727 33933977 33162709 
29959561 30257402 30304184 28728222 31601312 28391058 31902460 30370732 36003596 29738399 30449476 28310612 32656071 25761704 30448944 31500017 31214613 34801967 27219579 31036465 31103829 31305476 30665197 27181073 28534725 30488436 29949595 30762616 27846923 29994560 31606644 32241505 
29438167 29339156 30847705 27912822 32876001 26442441 30691918 29193413 32468330 30941309 30585340 28741124 33999683 28027248 30229540 31167799 29158109 33774086 29585468 30070471 34306900 31290266 32288300 27933185 27003145 33044769 31013393 30652718 30007225 30440713 30641232 29856432 
29985519 31835484 34839143 29592997 35284947 29337819 30668074 32300789 34441482 33284494 31161044 30166199 34136839 25611139 30703500 32517124 31824244 37019281 29054598 30904013 33662338 32744886 32955964 30414153 28171031 33578325 31210874 31641015 30233895 30867580 34935467 32109746 
28762240 30814031 31500330 28149351 33106767 27173125 30537277 32758317 33688888 31218237 31263020 29324560 34364184 27285446 28461489 30778408 29928377 34542214 28695549 29468992 32970038 31796069 32469142 27370522 29036718 33263178 31621552 29822740 29202943 29916218 32941556 29220815 
30672961 29648823 33064142 29421076 32959639 28089567 32693086 30115483 33545228 32547038 30146944 28772481 34415939 28213705 31465980 29805532 30986389 38007096 28950004 30855435 33013275 32551787 33250852 27900293 29243259 30608375 30592459 32720210 30181115 31101889 32089188 32562907 
29940507 33224115 34179967 30711010 33784746 28365794 31725279 33537815 37005221 31585484 33291632 30289168 34660405 28388022 31923799 32066182 32753639 36412103 29297069 31692148 34345545 31653423 34608191 29977756 30344419 34052929 33032781 32972873 30265362 32535868 34563780 34463152 
32213884 33663370 33252307 29825365 35609192 29536885 32927960 32618328 35013575 31169664 33968483 32014755 36325949 28578526 31420687 35209754 31301008 36499195 30373406 31300673 34423338 33327455 35199454 28722610 29200639 34803095 33351848 31620822 31321663 31412872 33848359 32110306 
28974378 29913257 30959967 28920759 33398146 28340589 30634422 32648779 34326020 31285624 29728568 29493741 33896513 26569469 28281774 31455948 30150186 35777716 27569998 29120882 33120037 31132963 32521236 28114110 28766189 28747436 30624795 30726116 26469449 30360937 32205611 31585789 
33635377 31077397 34001067 31474262 34959401 29264323 33194476 32202524 36106611 33293891 33584821 30718282 34651322 29433137 31599638 32321646 33073740 37682803 31267809 31946158 35377961 33033036 34796519 30371060 30173564 33611887 33402815 34137843 29829492 32908009 34781826 33989768 
26968967 27060097 30220488 26884240 30088629 26329448 29238294 29444608 32627988 27727641 29660620 27675635 32344032 24650141 28178360 31520779 28678983 32895734 26732448 27771706 30307609 26979610 27690899 27358912 27065163 28401454 28716934 30322526 26941647 29315685 29915452 28624756 
31077768 33130220 35234522 30893742 35309965 27203329 31835978 32733570 35260730 31722387 33877567 30351827 34500015 28953253 32714906 33308759 32568168 38435872 29279713 32404416 35607288 33135914 35104871 30706409 31018324 35335023 32064218 33353808 30824332 32996298 34732220 34494877 
33171316 34366628 34960528 31142027 36551032 30946162 32949632 34885398 35911637 33438824 35125971 32531833 37605424 29365068 33642503 34433651 33899999 38345550 33040615 32647779 34808599 33269537 35679908 32416317 30257930 36025364 33226390 34388620 30428542 34010470 36137379 33338657 
26893660 28509023 30382957 27318726 31529908 26177195 31920960 30029353 32126397 29257739 30689694 28646240 34290822 26217664 29321130 29822750 29121359 33835896 29055527 27779297 30559410 29670363 30752003 28325577 27042952 31308336 29454032 30141414 28161814 29303516 31782226 30147066 
31936021 31739762 32483875 29471457 35776288 28915322 32649199 33080634 34481040 32404122 32320470 30367652 36069260 29060674 31975540 32654947 31881075 36564235 32363047 32125355 33828157 32017777 34412733 30130515 29013189 33218272 33744718 34163804 29743085 30678821 33110031 32612453 
28667746 30259710 32794979 27677309 32740353 26477183 31900138 30842456 33210068 31092262 31390204 30146316 33780329 27190823 32049228 32165413 32497552 35976546 29506100 32052208 33912704 31888587 32134940 29402757 27076918 31108768 30617604 31561632 29157117 28829135 30705231 32040262 
28324980 29250797 31791404 27232849 32166164 25521972 30855687 28956138 30778560 30582993 30244670 29122689 32318756 25095689 28082642 30671610 30705908 34378002 28743919 28748083 31126847 29312896 31608214 28173861 26781063 30343017 28302144 29691858 26663149 27818061 30823493 29514104 
30710456 31671319 33650488 27916587 35234112 27360409 32063108 34175746 35559822 31888726 32149254 29232664 34380023 29071445 29402841 32336549 31158519 36859395 30104102 29994918 32384306 31653373 34938890 30570510 29785856 33866500 31606611 31887086 28306535 29105260 32741483 34083711 
27250558 30566736 31919230 28156979 31720085 27283595 29985683 30626983 32829891 29531387 29631818 30454565 33645242 26591626 29736687 31368205 30392161 34889024 28226695 26688260 32822135 29465622 33161732 28603520 28368058 31826626 30000244 32522655 29580681 28956749 31249708 31367409 
32691221 32234546 35012392 32642623 35466114 31053999 34732488 35082545 37965305 34150489 34805394 32431826 39199838 30426433 34105950 35532334 35198950 39375159 32007235 33793943 33549415 34937669 33986880 31736679 31682680 35604639 33571016 33498741 31571301 33186116 36732602 35648328 
30416240 29439718 31057791 29413956 32659414 28707457 32668655 31429589 32620053 30901575 29956384 30291071 34647616 26311649 31992195 29887144 29003178 34542713 29751783 30530729 33584109 30965930 31452721 29245948 27651111 32658042 29931053 30883657 30026729 29939592 31286677 30940739 
30010622 30668115 31124506 29528221 33627520 26924055 32444369 30475439 32334995 30178733 31562442 29916898 36235339 27543509 29448871 30420246 31707552 36536188 28425061 30624107 31450741 28102758 32427456 28756686 27556510 31149323 30306204 31799303 28022825 31394430 32468177 29386997 
28996016 30974963 30786952 26735139 34185653 27219005 30829480 30281543 32143422 30002652 30083537 29157571 32735367 29017691 27947090 32479734 30194489 35343260 29417262 29433971 32644269 32576625 31934252 27524135 25978190 32083101 32528611 29092454 29250085 31115150 31409591 30941073 
31848675 31937309 32849255 30049045 33777796 29675444 33105909 33572898 35497588 33354006 33802582 32314015 38024285 27681914 33750400 32623905 30671220 38197800 30414894 32645105 33888412 33724999 35485052 30303883 30106706 35094099 31826709 33745740 30317927 32467594 33877326 34270778 
30209505 32162964 34713766 31790272 35501820 30577402 33754646 33627629 35942302 32324254 32416765 31594657 33558705 27884625 29738134 35087001 32953863 36145484 30318021 32186364 35562364 32141956 35520273 30861447 29940134 33666553 32336072 32385074 30550215 31747961 32955499 34744502 
30516625 31313443 31732829 30066792 34592283 28021075 30568850 31631502 33630886 30842736 30313321 29361194 33578658 26582519 27834583 33005083 31444954 36586618 28956763 29414675 33408048 30727096 33027372 28070291 28693558 30969472 31215906 30045375 28638862 32449816 33379209 32041280 
29783654 29729999 31547718 29994799 32574726 27791366 29778160 30905625 32802997 29688742 32055911 29299331 34138972 27303740 31119161 32207551 30131451 36620578 30601616 31112110 33477043 31814001 31998148 28382579 28776369 34048881 32974241 33425419 29412254 30568595 31881466 31214323 
28761458 29462960 29663437 29221007 30393034 25351050 29780561 31153110 33753313 28657529 29510470 28313765 32649201 27679685 27938721 30018089 28832460 32046199 26745433 28977614 31423495 30503874 32221283 28600416 27943182 31341717 29376650 28441217 28970068 29687242 30648668 29966558 
32317800 33061116 33956936 33336233 36274575 30421671 35694872 34349306 39114999 34569896 35650332 32431194 36669239 30061022 31843316 33428114 34239047 40730363 33583469 34669057 35970090 34936175 36135388 30880037 31967473 34840396 32645594 35205977 32173799 31476636 36660118 35272741 
30638183 29227254 32530960 29168439 34409327 27432975 32365428 33005167 30835109 30993766 31647157 32141299 35109290 27364217 30904745 32915926 31572666 36212839 28264373 30330482 30721448 30577000 32711402 29711376 30162944 33876196 29540473 30678689 29114422 31216552 31833014 31821476 
29624108 30462894 28287468 28149266 32537816 25239572 30252935 30678325 32205331 30476152 30563147 27659282 32918382 27137823 29221475 29976415 29997072 34169463 26615435 29052720 31235434 31549039 29958399 27472862 27466807 29931196 29522987 28896860 27752350 28736895 31728669 30758621 
31274853 33799153 33709680 29994294 34979752 26877839 30564009 33537597 34596792 31783652 31538299 30086236 33667084 27242260 31514706 33114362 30073539 35824953 28749946 28847100 33277218 31300007 34861851 29126838 29266394 33199965 32166357 32233608 30191463 30785873 31473333 30273025 
29488868 30029829 30838247 29516647 34296428 27299712 33188328 31929301 32576069 31310450 32075501 28362439 33621180 26746155 29552360 30731705 29476795 35013012 28865639 30272428 33151802 31341937 32081973 27513927 29872918 31960921 30665524 32062594 26687490 30192227 32650586 32026282 
28737527 30698015 32666684 30472206 33545303 29657923 31166445 30463704 33138179 31953569 30023492 30137658 33565525 26680951 29697865 29898570 31067328 36000411 29724967 31593828 31807959 29979638 31069775 28450625 27974121 29375791 29650538 31094211 29299175 30560531 32880217 30387721 
30245939 32943844 34525552 31848448 36314006 31434618 33975581 31306940 35535861 36051234 34237609 31127762 36384037 30392124 32529716 32599525 31847930 37995565 30954490 34575631 36876863 34040681 35466643 30297645 30825633 36031383 32671809 33111929 32220967 34361605 34547564 33572322 
26933484 29472683 30776000 29618164 31593920 27899858 31238621 32646243 33643545 29247508 31425571 30309354 33002512 26160083 27559112 32388568 30866617 36704997 28110551 30328152 32020575 32290859 31794636 28021855 27563081 29664576 29667161 31145589 28591395 29594807 30998958 32599641 
32384676 29767875 32727119 30085306 35690126 28479256 33861595 34750477 35333636 32267467 32502324 31757459 35631391 26988525 31211649 34146080 32965879 36652433 30801348 32146793 32902487 30915065 32817810 32466676 29378228 33347429 30528636 32589245 28405772 30906597 34420342 33838587 
29384052 30516113 32002904 29351680 33358335 27748714 29576486 31327913 32585332 29924542 30803306 29114794 35091546 28142577 29192499 31865026 29915355 36301270 29532767 30237638 31488879 30308390 32017531 28878827 27060322 32005465 29821694 30725616 27789430 30637973 32558746 29408994 
30172550 30755769 32039053 30759795 33880588 28177808 32620111 32406963 34746927 33119309 30818996 30744729 34141599 26948800 29711749 31216135 33750697 35949252 30295270 30022939 32786428 30358640 32112166 28267959 28061267 31833680 31661285 33313467 28818116 32883535 33580695 31443439 
30854246 32428849 34371010 29863693 35421111 29094982 32995812 32363244 33758516 33106137 31931348 30121010 34684764 28343810 29566078 33533611 32002656 36292191 29737367 31574010 34259319 32840762 34250833 28693808 28731880 34413645 34200403 32466977 29895669 33249660 33135547 34280302 
30332417 27731706 34383734 29539599 31914372 26097716 33041798 32411534 36679211 31247685 32221246 30415303 36433634 29439093 30626472 33741726 29636796 34725282 28794778 30012609 32196342 31638996 33774601 29139884 28177550 32169169 32121416 30883125 30949705 28027340 30411782 32700433 
30297250 30791298 33719084 27804156 33140021 26698727 30664605 31259700 34494743 32070237 32646618 28846144 34312347 28289498 31165610 31545968 31294502 36241598 30771979 30455299 33608806 31966068 32807498 27981612 27219162 32267903 30566515 33355870 29138254 30114119 33308936 31428447 
30507757 30448902 32500762 28949359 33652779 26524411 30455820 32509176 33302929 29930539 30697004 29405036 32216961 25053007 29950457 31778458 30556066 35981017 29491137 30274183 33691114 31545333 33270979 27640429 28940242 35016552 32951729 31117608 28898997 31977186 32264996 31586516 
28077205 29400848 31995866 28823512 31885045 27351258 29615435 31202614 32764182 30168457 30215527 28355734 32973808 27178559 30570029 30846791 28293613 35857157 28782063 28622598 33794047 31003075 32409660 27241687 28399847 31120937 30046377 32597244 29458233 29839496 31107255 30583860 
28770032 32062769 31839806 29359709 34713324 28060513 31197849 31441877 34035278 31435230 31703292 29693353 33272975 27703462 29700660 32703450 30989152 35913117 29242454 30284350 33565445 32181074 34507201 28986096 29173202 34268491 31288920 31674353 29430940 29710845 32467283 32632863 
28957636 27485778 30188291 27029628 33132678 25870561 28360775 31103337 30563167 31648360 29556170 27765760 32951205 27283209 27494150 27821438 28655110 34541560 28246716 28200324 30742508 31590404 30785675 25903100 26671853 28451525 29930574 28539319 27219767 28108008 31094996 30951257 
30119324 29859504 31807761 27557839 33998841 26106349 32518403 31656806 33465623 32047308 31414226 30685843 34908629 26059183 31031677 31915842 32414874 36101606 29159937 31315230 32940713 31928123 31913785 28728305 28735025 32499859 31200864 30685791 29441444 30296184 33048688 32802989 
31033963 30779806 33005739 29074986 34256825 27644388 32675172 32706559 35177629 31284500 31271365 30411038 34594242 27254670 28064158 32569496 32873207 35094180 28979187 29463596 32532173 32186297 33311343 29491386 28101626 32171299 31703867 31447383 28230295 30639576 30932603 34717880 
33519888 31851673 33234157 30161883 35325525 29374924 33641939 35078202 35750809 33198568 32741019 32324130 35903335 30196789 33370715 34997709 34719622 40574400 31670482 32975015 35874450 34509494 34448420 31995795 31325237 35530071 31633483 35588321 31105602 33687227 35087126 33875570 
30091743 29015411 32234133 29676496 32942111 26867055 33173325 32468469 33930420 30306729 32593210 29957293 34568677 28971165 30380406 32356604 30474708 35160096 29748804 29879556 33908657 32537746 33878734 28676163 29425947 33476989 30064684 31664608 28744561 29353240 32615949 33628229 
31020809 30137351 30807908 29452720 32889528 27149854 31471865 32215375 33575380 31200501 31142994 29433111 33510414 27088782 29898872 31432228 31072107 36374583 30333520 29818249 32602036 32442604 31736632 28743299 28166133 32455744 32241274 31250428 28676635 29956603 32660087 31319300 
31120747 31006820 33103097 28822825 34526370 25807316 31398181 32087042 32707357 31086374 32720299 30772491 34884964 26498828 31188405 33730415 30571861 36829939 29260055 31289482 31870488 32732880 33643077 28664890 28398043 33913154 32228294 30570608 28239368 31087095 30674252 31967988 
32758501 31858320 33012226 31567521 34694227 29044875 33333810 33239656 36369017 32873315 31735357 30293263 36630683 31037766 32922448 32237156 32221190 35706081 30775845 29981841 36081729 33029540 35240361 30776576 31211879 34101525 31748993 33858296 30773441 31341174 34234354 32388544 
31580088 32998814 34076564 30699801 35093656 28543652 33595956 34093797 35079138 33343874 34579051 31794942 36421689 30025118 31600343 35425402 31832854 39956302 31232485 31845541 35849171 33385390 34924470 30547416 30057376 33924735 33546887 34326210 30080469 32444755 34307479 33846101 
28683463 31131708 31397684 30009191 30817437 26723829 30434852 30939774 32836410 29062592 29851123 29208719 33011243 26321030 29701164 31642629 30212007 35558997 26932246 28393371 32045029 30714310 31893879 27780671 28263353 33704805 32145154 31382688 29163514 31650660 32326697 32600958 
30073504 29779978 34582000 28365681 32976826 27920147 29474203 32416510 33880846 31290508 31185651 29271376 34502988 26802725 29550211 31804346 29958200 34695174 29067831 29103787 31374058 30847739 31057133 27481446 27954860 32538324 31835315 31282464 28169100 31570551 32433088 32510244 
30032897 32247329 33262090 28532582 34744712 28737432 31869247 31305759 34301244 31092279 31371842 28241642 33472018 27191868 29004465 30466937 31933687 34986849 28665585 30649281 33057788 31079992 33156769 28256865 27757994 31364405 29617345 30662584 28173687 30726241 32456816 32255845 
32545113 33368137 36845944 32577522 36397564 29755806 34757430 34263303 36506900 34958433 34461934 34194868 37571112 31766615 34116876 33796647 33623322 40343751 32608569 33042668 35996187 34262973 35157793 31029862 32428650 34907027 32535197 33981395 33238778 34203222 34049018 35664315 
29383307 31958031 33409602 29817733 35187398 27020486 32477856 31542492 33313548 32086309 32157656 31344414 36161800 28132656 31037803 32152431 32616693 36250184 30593776 32261617 34581224 33260435 34874233 29781432 28147965 33711779 30667830 31815559 29756853 31538560 32019918 30764853 
5781954 251426432 35098320 998152040
